R = 4;
L = 2.75E-6;
K = 0.0274;
J = 3.2284E-6;
b = 3.5077E-6;

Kp=18842.98;
Ki=12396450.71;
Kd=6.98;
